0 217
0 271
1 248
1 268
2 187
3 219
4 185
4 228
5 285
6 230
6 250
7 209
7 263
8 222
8 244
9 212
9 259
10 209
10 243
10 275
11 241
12 220
12 287
13 255
14 229
14 275
15 205
15 223
16 250
16 276
17 219
17 259
18 249
18 292
19 257
20 224
20 234
21 194
21 282
22 203
22 274
23 188
23 246
24 185
24 248
25 239
25 246
25 253
26 242
26 269
27 267
27 276
28 240
28 252
29 182
29 260
29 283
29 287
30 197
30 231
31 196
31 272
32 179
32 279
33 201
33 207
34 187
34 217
35 258
35 290
36 266
37 224
37 272
38 179
38 190
39 250
39 258
40 184
40 228
41 243
41 267
41 291
42 242
42 253
43 229
43 236
43 270
44 200
45 272
46 185
46 227
46 247
46 292
47 206
47 215
48 177
48 212
49 208
50 225
50 263
51 207
51 230
52 224
52 237
53 287
54 225
54 284
55 186
55 210
56 197
57 220
57 260
58 230
59 231
59 285
60 180
60 183
61 215
61 258
62 226
62 240
63 203
64 216
64 235
65 213
65 226
66 238
67 214
67 263
68 214
68 262
69 179
69 211
69 216
69 277
70 213
70 225
71 178
71 277
71 289
72 218
72 286
73 189
73 202
74 186
74 222
74 291
75 187
76 212
77 206
77 264
78 201
78 238
79 211
80 177
80 191
81 195
81 273
81 288
82 280
83 191
83 256
83 265
84 235
84 279
85 198
85 264
85 293
86 260
87 192
88 189
89 192
89 208
90 184
90 204
91 195
91 288
92 219
92 251
93 214
93 286
93 293
94 281
95 202
96 221
97 217
98 197
98 234
98 283
99 204
99 251
100 266
101 288
102 178
103 193
103 208
103 294
104 200
104 273
105 190
105 206
106 278
107 182
107 184
108 196
108 274
109 245
109 284
110 227
110 280
110 289
110 292
111 182
111 227
112 195
112 243
112 261
113 238
113 244
113 255
114 233
114 268
115 264
116 231
116 236
117 193
117 232
117 273
118 275
119 285
120 221
120 261
120 283
121 249
122 180
122 241
123 233
123 251
124 199
124 294
125 193
125 246
126 236
126 249
126 256
127 199
127 276
128 205
128 223
128 234
128 245
129 196
129 256
130 183
130 198
130 269
131 223
131 257
132 191
132 200
133 181
133 278
134 216
134 240
134 261
135 255
136 253
137 188
137 262
138 232
138 269
139 211
139 235
140 239
141 278
141 280
141 281
142 199
142 205
142 254
143 189
143 213
144 188
144 210
144 254
144 290
145 220
145 265
146 218
146 252
146 270
147 239
147 254
148 221
148 266
149 194
149 209
150 233
151 203
152 186
152 252
152 270
153 194
153 204
154 177
154 232
154 244
154 267
155 279
156 192
156 248
157 198
158 247
158 282
159 178
159 268
160 289
160 290
161 201
161 237
161 277
162 226
162 257
163 229
163 245
163 282
164 190
164 222
164 286
164 291
165 271
165 281
166 215
166 294
167 181
167 247
168 241
168 259
169 218
169 271
170 274
171 183
171 210
172 265
173 180
173 202
173 242
173 284
174 207
174 228
175 181
176 237
176 262
176 293
